Данные для эксперимента: проекты.xlsx, limits_all_4.txt

Проверка сгенерированных данных:
Количество предпочтений у кафедр (должно соответствовать таблице):
Кафедра 1 - 5 / 3
Кафедра 2 - 2 / 6
Кафедра 3 - 0 / 2
Кафедра 4 - 8 / 4
Кафедра 5 - 4 / 0
Кафедра 6 - 2 / 6
Кафедра 7 - 1 / 4
Кафедра 8 - 2 / 1
Кафедра 9 - 2 / 2
Кафедра 10 - 13 / 8
Кафедра 11 - 6 / 2
Кафедра 12 - 3 / 5
Оптимизация завершена: Optimization terminated successfully. (HiGHS Status 7: Optimal)

Предпочтения (приоритет):
[[0 0 0 0 0 2 0 0 0 1 0 0]
 [0 0 0 1 0 0 0 0 0 0 0 0]
 [0 0 0 0 0 0 0 0 0 2 0 1]
 [1 0 0 3 0 0 2 0 0 0 0 0]
 [0 0 0 1 0 0 2 0 0 0 0 0]
 [1 0 0 0 0 0 0 0 3 2 0 0]
 [0 0 0 0 0 0 0 0 3 2 1 0]
 [0 0 2 0 0 0 0 0 0 0 0 1]
 [0 0 0 0 0 2 0 0 0 1 0 0]
 [0 0 0 0 0 2 0 0 0 1 0 0]
 [0 0 2 0 0 0 0 0 0 0 0 1]
 [0 0 0 3 0 0 0 0 0 1 0 2]
 [2 0 0 0 0 0 0 0 0 1 0 0]
 [0 2 0 0 0 0 0 0 0 0 1 0]
 [0 2 0 1 0 0 0 0 0 0 0 0]
 [0 0 0 0 0 0 0 0 0 2 1 0]
 [0 0 0 0 0 0 0 0 3 2 1 0]
 [0 0 0 0 0 1 0 0 0 0 0 2]
 [0 0 0 1 0 0 0 0 0 0 0 0]
 [0 0 0 0 0 2 0 0 0 1 0 0]
 [0 0 0 0 0 0 1 0 0 0 0 2]
 [0 0 0 0 0 0 0 1 0 0 2 0]
 [0 0 0 0 0 0 0 0 0 1 0 2]
 [2 0 0 0 1 0 0 0 0 0 0 0]
 [0 0 0 0 0 2 0 0 0 0 1 0]
 [0 1 0 0 0 3 0 0 0 0 0 0]
 [0 0 0 0 0 0 0 1 0 0 2 0]
 [0 0 0 2 0 0 0 0 0 1 0 0]
 [0 2 0 0 0 0 0 0 0 1 0 0]
 [0 0 0 0 0 2 0 0 0 1 0 0]
 [0 0 0 0 0 0 0 0 0 2 1 0]
 [1 0 0 2 0 0 0 0 0 0 0 0]
 [0 0 0 0 0 0 0 2 1 0 0 0]
 [0 2 0 0 0 0 0 0 0 1 0 0]
 [2 0 0 0 0 0 0 3 1 0 0 0]
 [0 0 0 1 0 0 0 0 0 0 0 0]
 [0 0 0 0 1 0 2 0 0 0 0 0]
 [0 0 0 2 1 0 0 0 0 0 0 0]
 [0 0 0 0 0 0 0 0 2 1 0 0]
 [0 1 0 0 0 0 0 0 0 0 0 2]
 [1 0 0 0 0 0 0 0 3 2 0 0]
 [0 0 0 0 0 0 0 0 2 1 0 0]
 [0 0 0 1 0 0 0 0 0 0 0 0]
 [0 0 0 2 1 0 0 0 0 0 0 0]
 [0 2 0 0 0 1 0 0 0 0 0 0]
 [0 0 0 1 0 0 2 0 0 0 0 3]
 [1 0 0 0 0 0 0 0 3 2 0 0]
 [0 2 0 1 0 0 3 0 0 0 0 0]]
Баллы (численные предпочтения):
[[20 20 20 20 20  3 20 20 20  0 20 20]
 [20 20 20  0 20 20 20 20 20 20 20 20]
 [20 20 20 20 20 20 20 20 20  3 20  0]
 [ 0 20 20 10 20 20  3 20 20 20 20 20]
 [20 20 20  0 20 20  3 20 20 20 20 20]
 [ 0 20 20 20 20 20 20 20 10  3 20 20]
 [20 20 20 20 20 20 20 20 10  3  0 20]
 [20 20  3 20 20 20 20 20 20 20 20  0]
 [20 20 20 20 20  3 20 20 20  0 20 20]
 [20 20 20 20 20  3 20 20 20  0 20 20]
 [20 20  3 20 20 20 20 20 20 20 20  0]
 [20 20 20 10 20 20 20 20 20  0 20  3]
 [ 3 20 20 20 20 20 20 20 20  0 20 20]
 [20  3 20 20 20 20 20 20 20 20  0 20]
 [20  3 20  0 20 20 20 20 20 20 20 20]
 [20 20 20 20 20 20 20 20 20  3  0 20]
 [20 20 20 20 20 20 20 20 10  3  0 20]
 [20 20 20 20 20  0 20 20 20 20 20  3]
 [20 20 20  0 20 20 20 20 20 20 20 20]
 [20 20 20 20 20  3 20 20 20  0 20 20]
 [20 20 20 20 20 20  0 20 20 20 20  3]
 [20 20 20 20 20 20 20  0 20 20  3 20]
 [20 20 20 20 20 20 20 20 20  0 20  3]
 [ 3 20 20 20  0 20 20 20 20 20 20 20]
 [20 20 20 20 20  3 20 20 20 20  0 20]
 [20  0 20 20 20 10 20 20 20 20 20 20]
 [20 20 20 20 20 20 20  0 20 20  3 20]
 [20 20 20  3 20 20 20 20 20  0 20 20]
 [20  3 20 20 20 20 20 20 20  0 20 20]
 [20 20 20 20 20  3 20 20 20  0 20 20]
 [20 20 20 20 20 20 20 20 20  3  0 20]
 [ 0 20 20  3 20 20 20 20 20 20 20 20]
 [20 20 20 20 20 20 20  3  0 20 20 20]
 [20  3 20 20 20 20 20 20 20  0 20 20]
 [ 3 20 20 20 20 20 20 10  0 20 20 20]
 [20 20 20  0 20 20 20 20 20 20 20 20]
 [20 20 20 20  0 20  3 20 20 20 20 20]
 [20 20 20  3  0 20 20 20 20 20 20 20]
 [20 20 20 20 20 20 20 20  3  0 20 20]
 [20  0 20 20 20 20 20 20 20 20 20  3]
 [ 0 20 20 20 20 20 20 20 10  3 20 20]
 [20 20 20 20 20 20 20 20  3  0 20 20]
 [20 20 20  0 20 20 20 20 20 20 20 20]
 [20 20 20  3  0 20 20 20 20 20 20 20]
 [20  3 20 20 20  0 20 20 20 20 20 20]
 [20 20 20  0 20 20  3 20 20 20 20 10]
 [ 0 20 20 20 20 20 20 20 10  3 20 20]
 [20  3 20  0 20 20 10 20 20 20 20 20]]
Студенты по строкам: ['Студент 1', 'Студент 2', 'Студент 3', 'Студент 4', 'Студент 5', 'Студент 6', 'Студент 7', 'Студент 8', 'Студент 9', 'Студент 10', 'Студент 11', 'Студент 12', 'Студент 13', 'Студент 14', 'Студент 15', 'Студент 16', 'Студент 17', 'Студент 18', 'Студент 19', 'Студент 20', 'Студент 21', 'Студент 22', 'Студент 23', 'Студент 24', 'Студент 25', 'Студент 26', 'Студент 27', 'Студент 28', 'Студент 29', 'Студент 30', 'Студент 31', 'Студент 32', 'Студент 33', 'Студент 34', 'Студент 35', 'Студент 36', 'Студент 37', 'Студент 38', 'Студент 39', 'Студент 40', 'Студент 41', 'Студент 42', 'Студент 43', 'Студент 44', 'Студент 45', 'Студент 46', 'Студент 47', 'Студент 48']
Кафедры по столбцам: ['Кафедра 1', 'Кафедра 2', 'Кафедра 3', 'Кафедра 4', 'Кафедра 5', 'Кафедра 6', 'Кафедра 7', 'Кафедра 8', 'Кафедра 9', 'Кафедра 10', 'Кафедра 11', 'Кафедра 12']
Результат (таблица назначений):
[[0 0 0 0 0 1 0 0 0 0 0 0]
 [0 0 0 1 0 0 0 0 0 0 0 0]
 [0 0 0 0 0 0 0 0 0 0 0 1]
 [0 0 0 0 0 0 1 0 0 0 0 0]
 [0 0 0 0 0 0 1 0 0 0 0 0]
 [1 0 0 0 0 0 0 0 0 0 0 0]
 [0 0 0 0 0 0 0 0 1 0 0 0]
 [0 0 1 0 0 0 0 0 0 0 0 0]
 [0 0 1 0 0 0 0 0 0 0 0 0]
 [0 0 0 0 0 0 0 0 0 1 0 0]
 [0 0 1 0 0 0 0 0 0 0 0 0]
 [0 0 0 0 0 0 0 0 0 0 0 1]
 [0 0 0 0 0 0 0 0 0 1 0 0]
 [0 0 0 0 0 0 0 0 0 0 1 0]
 [0 0 0 1 0 0 0 0 0 0 0 0]
 [0 0 0 0 0 0 0 0 0 0 1 0]
 [0 0 0 0 0 0 0 0 0 0 1 0]
 [0 0 0 0 0 0 0 0 0 0 0 1]
 [0 0 0 1 0 0 0 0 0 0 0 0]
 [0 0 0 0 0 1 0 0 0 0 0 0]
 [0 0 0 0 0 0 1 0 0 0 0 0]
 [0 0 0 0 0 0 0 1 0 0 0 0]
 [0 0 0 0 0 0 0 0 0 0 0 1]
 [0 0 0 0 1 0 0 0 0 0 0 0]
 [0 0 0 0 0 1 0 0 0 0 0 0]
 [0 1 0 0 0 0 0 0 0 0 0 0]
 [0 0 0 0 0 0 0 1 0 0 0 0]
 [0 0 0 0 0 0 0 0 0 1 0 0]
 [0 0 0 0 0 0 0 1 0 0 0 0]
 [0 0 0 0 0 0 0 0 0 1 0 0]
 [0 0 0 0 0 0 0 0 0 0 1 0]
 [1 0 0 0 0 0 0 0 0 0 0 0]
 [0 0 0 0 0 0 0 1 0 0 0 0]
 [0 1 0 0 0 0 0 0 0 0 0 0]
 [0 0 0 0 0 0 0 0 1 0 0 0]
 [0 0 0 1 0 0 0 0 0 0 0 0]
 [0 0 0 0 1 0 0 0 0 0 0 0]
 [0 0 0 0 1 0 0 0 0 0 0 0]
 [0 0 0 0 0 0 0 0 1 0 0 0]
 [0 1 0 0 0 0 0 0 0 0 0 0]
 [1 0 0 0 0 0 0 0 0 0 0 0]
 [0 0 0 0 0 0 0 0 1 0 0 0]
 [0 0 1 0 0 0 0 0 0 0 0 0]
 [0 0 0 0 1 0 0 0 0 0 0 0]
 [0 0 0 0 0 1 0 0 0 0 0 0]
 [0 0 0 0 0 0 1 0 0 0 0 0]
 [1 0 0 0 0 0 0 0 0 0 0 0]
 [0 1 0 0 0 0 0 0 0 0 0 0]]
Количество баллов в соответствии с предпочтениями: 118.0

Проверка решения на соответствие ограничениям:
1. Каждый студент назначен ровно на одну кафедру
Количество назначений каждого студента: 
[1. 1. 1. 1. 1. 1. 1. 1. 1. 1. 1. 1. 1. 1. 1. 1. 1. 1. 1. 1. 1. 1. 1. 1.
 1. 1. 1. 1. 1. 1. 1. 1. 1. 1. 1. 1. 1. 1. 1. 1. 1. 1. 1. 1. 1. 1. 1. 1.]
Ожидаемое количество назначений студентов (точно): 
[1. 1. 1. 1. 1. 1. 1. 1. 1. 1. 1. 1. 1. 1. 1. 1. 1. 1. 1. 1. 1. 1. 1. 1.
 1. 1. 1. 1. 1. 1. 1. 1. 1. 1. 1. 1. 1. 1. 1. 1. 1. 1. 1. 1. 1. 1. 1. 1.]
2. Каждая кафедра приняла не более заданного числа студентов
Количество назначений на каждую кафедру: 
[4. 4. 4. 4. 4. 4. 4. 4. 4. 4. 4. 4.]
Ожидаемое количество назначений на кафедры (не более): 
[4. 4. 4. 4. 4. 4. 4. 4. 4. 4. 4. 4.]

Назначения:

[ +] Студент 1 --> Кафедра 6 -
[++] Студент 2 --> Кафедра 4 -
[++] Студент 3 --> Кафедра 12 -
[ +] Студент 4 --> Кафедра 7 -
[ +] Студент 5 --> Кафедра 7 -
[++] Студент 6 --> Кафедра 1 -
[ -] Студент 7 --> Кафедра 9 -
[ +] Студент 8 --> Кафедра 3 -
[--] Студент 9 --> Кафедра 3 -
[++] Студент 10 --> Кафедра 10 -
[ +] Студент 11 --> Кафедра 3 -
[ +] Студент 12 --> Кафедра 12 -
[++] Студент 13 --> Кафедра 10 -
[++] Студент 14 --> Кафедра 11 -
[++] Студент 15 --> Кафедра 4 -
[++] Студент 16 --> Кафедра 11 -
[++] Студент 17 --> Кафедра 11 -
[ +] Студент 18 --> Кафедра 12 -
[++] Студент 19 --> Кафедра 4 -
[ +] Студент 20 --> Кафедра 6 -
[++] Студент 21 --> Кафедра 7 -
[++] Студент 22 --> Кафедра 8 -
[ +] Студент 23 --> Кафедра 12 -
[++] Студент 24 --> Кафедра 5 -
[ +] Студент 25 --> Кафедра 6 -
[++] Студент 26 --> Кафедра 2 -
[++] Студент 27 --> Кафедра 8 -
[++] Студент 28 --> Кафедра 10 -
[--] Студент 29 --> Кафедра 8 -
[++] Студент 30 --> Кафедра 10 -
[++] Студент 31 --> Кафедра 11 -
[++] Студент 32 --> Кафедра 1 -
[ +] Студент 33 --> Кафедра 8 -
[ +] Студент 34 --> Кафедра 2 -
[++] Студент 35 --> Кафедра 9 -
[++] Студент 36 --> Кафедра 4 -
[++] Студент 37 --> Кафедра 5 -
[++] Студент 38 --> Кафедра 5 -
[ +] Студент 39 --> Кафедра 9 -
[++] Студент 40 --> Кафедра 2 -
[++] Студент 41 --> Кафедра 1 -
[ +] Студент 42 --> Кафедра 9 -
[--] Студент 43 --> Кафедра 3 -
[++] Студент 44 --> Кафедра 5 -
[++] Студент 45 --> Кафедра 6 -
[ +] Студент 46 --> Кафедра 7 -
[++] Студент 47 --> Кафедра 1 -
[ +] Студент 48 --> Кафедра 2 -

Данные для эксперимента: проекты.xlsx, limits_some_7.txt

Проверка сгенерированных данных:
Количество предпочтений у кафедр (должно соответствовать таблице):
Кафедра 1 - 5 / 3
Кафедра 2 - 2 / 6
Кафедра 3 - 0 / 2
Кафедра 4 - 8 / 4
Кафедра 5 - 4 / 0
Кафедра 6 - 2 / 6
Кафедра 7 - 1 / 4
Кафедра 8 - 2 / 1
Кафедра 9 - 2 / 2
Кафедра 10 - 13 / 8
Кафедра 11 - 6 / 2
Кафедра 12 - 3 / 5
Оптимизация завершена: Optimization terminated successfully. (HiGHS Status 7: Optimal)

Предпочтения (приоритет):
[[0 0 0 0 0 2 0 0 0 1 0 0]
 [0 0 0 1 0 0 0 0 0 0 0 0]
 [0 0 0 0 0 0 0 0 0 2 0 1]
 [1 0 0 3 0 0 2 0 0 0 0 0]
 [0 0 0 1 0 0 2 0 0 0 0 0]
 [1 0 0 0 0 0 0 0 3 2 0 0]
 [0 0 0 0 0 0 0 0 3 2 1 0]
 [0 0 2 0 0 0 0 0 0 0 0 1]
 [0 0 0 0 0 2 0 0 0 1 0 0]
 [0 0 0 0 0 2 0 0 0 1 0 0]
 [0 0 2 0 0 0 0 0 0 0 0 1]
 [0 0 0 3 0 0 0 0 0 1 0 2]
 [2 0 0 0 0 0 0 0 0 1 0 0]
 [0 2 0 0 0 0 0 0 0 0 1 0]
 [0 2 0 1 0 0 0 0 0 0 0 0]
 [0 0 0 0 0 0 0 0 0 2 1 0]
 [0 0 0 0 0 0 0 0 3 2 1 0]
 [0 0 0 0 0 1 0 0 0 0 0 2]
 [0 0 0 1 0 0 0 0 0 0 0 0]
 [0 0 0 0 0 2 0 0 0 1 0 0]
 [0 0 0 0 0 0 1 0 0 0 0 2]
 [0 0 0 0 0 0 0 1 0 0 2 0]
 [0 0 0 0 0 0 0 0 0 1 0 2]
 [2 0 0 0 1 0 0 0 0 0 0 0]
 [0 0 0 0 0 2 0 0 0 0 1 0]
 [0 1 0 0 0 3 0 0 0 0 0 0]
 [0 0 0 0 0 0 0 1 0 0 2 0]
 [0 0 0 2 0 0 0 0 0 1 0 0]
 [0 2 0 0 0 0 0 0 0 1 0 0]
 [0 0 0 0 0 2 0 0 0 1 0 0]
 [0 0 0 0 0 0 0 0 0 2 1 0]
 [1 0 0 2 0 0 0 0 0 0 0 0]
 [0 0 0 0 0 0 0 2 1 0 0 0]
 [0 2 0 0 0 0 0 0 0 1 0 0]
 [2 0 0 0 0 0 0 3 1 0 0 0]
 [0 0 0 1 0 0 0 0 0 0 0 0]
 [0 0 0 0 1 0 2 0 0 0 0 0]
 [0 0 0 2 1 0 0 0 0 0 0 0]
 [0 0 0 0 0 0 0 0 2 1 0 0]
 [0 1 0 0 0 0 0 0 0 0 0 2]
 [1 0 0 0 0 0 0 0 3 2 0 0]
 [0 0 0 0 0 0 0 0 2 1 0 0]
 [0 0 0 1 0 0 0 0 0 0 0 0]
 [0 0 0 2 1 0 0 0 0 0 0 0]
 [0 2 0 0 0 1 0 0 0 0 0 0]
 [0 0 0 1 0 0 2 0 0 0 0 3]
 [1 0 0 0 0 0 0 0 3 2 0 0]
 [0 2 0 1 0 0 3 0 0 0 0 0]]
Баллы (численные предпочтения):
[[20 20 20 20 20  3 20 20 20  0 20 20]
 [20 20 20  0 20 20 20 20 20 20 20 20]
 [20 20 20 20 20 20 20 20 20  3 20  0]
 [ 0 20 20 10 20 20  3 20 20 20 20 20]
 [20 20 20  0 20 20  3 20 20 20 20 20]
 [ 0 20 20 20 20 20 20 20 10  3 20 20]
 [20 20 20 20 20 20 20 20 10  3  0 20]
 [20 20  3 20 20 20 20 20 20 20 20  0]
 [20 20 20 20 20  3 20 20 20  0 20 20]
 [20 20 20 20 20  3 20 20 20  0 20 20]
 [20 20  3 20 20 20 20 20 20 20 20  0]
 [20 20 20 10 20 20 20 20 20  0 20  3]
 [ 3 20 20 20 20 20 20 20 20  0 20 20]
 [20  3 20 20 20 20 20 20 20 20  0 20]
 [20  3 20  0 20 20 20 20 20 20 20 20]
 [20 20 20 20 20 20 20 20 20  3  0 20]
 [20 20 20 20 20 20 20 20 10  3  0 20]
 [20 20 20 20 20  0 20 20 20 20 20  3]
 [20 20 20  0 20 20 20 20 20 20 20 20]
 [20 20 20 20 20  3 20 20 20  0 20 20]
 [20 20 20 20 20 20  0 20 20 20 20  3]
 [20 20 20 20 20 20 20  0 20 20  3 20]
 [20 20 20 20 20 20 20 20 20  0 20  3]
 [ 3 20 20 20  0 20 20 20 20 20 20 20]
 [20 20 20 20 20  3 20 20 20 20  0 20]
 [20  0 20 20 20 10 20 20 20 20 20 20]
 [20 20 20 20 20 20 20  0 20 20  3 20]
 [20 20 20  3 20 20 20 20 20  0 20 20]
 [20  3 20 20 20 20 20 20 20  0 20 20]
 [20 20 20 20 20  3 20 20 20  0 20 20]
 [20 20 20 20 20 20 20 20 20  3  0 20]
 [ 0 20 20  3 20 20 20 20 20 20 20 20]
 [20 20 20 20 20 20 20  3  0 20 20 20]
 [20  3 20 20 20 20 20 20 20  0 20 20]
 [ 3 20 20 20 20 20 20 10  0 20 20 20]
 [20 20 20  0 20 20 20 20 20 20 20 20]
 [20 20 20 20  0 20  3 20 20 20 20 20]
 [20 20 20  3  0 20 20 20 20 20 20 20]
 [20 20 20 20 20 20 20 20  3  0 20 20]
 [20  0 20 20 20 20 20 20 20 20 20  3]
 [ 0 20 20 20 20 20 20 20 10  3 20 20]
 [20 20 20 20 20 20 20 20  3  0 20 20]
 [20 20 20  0 20 20 20 20 20 20 20 20]
 [20 20 20  3  0 20 20 20 20 20 20 20]
 [20  3 20 20 20  0 20 20 20 20 20 20]
 [20 20 20  0 20 20  3 20 20 20 20 10]
 [ 0 20 20 20 20 20 20 20 10  3 20 20]
 [20  3 20  0 20 20 10 20 20 20 20 20]]
Студенты по строкам: ['Студент 1', 'Студент 2', 'Студент 3', 'Студент 4', 'Студент 5', 'Студент 6', 'Студент 7', 'Студент 8', 'Студент 9', 'Студент 10', 'Студент 11', 'Студент 12', 'Студент 13', 'Студент 14', 'Студент 15', 'Студент 16', 'Студент 17', 'Студент 18', 'Студент 19', 'Студент 20', 'Студент 21', 'Студент 22', 'Студент 23', 'Студент 24', 'Студент 25', 'Студент 26', 'Студент 27', 'Студент 28', 'Студент 29', 'Студент 30', 'Студент 31', 'Студент 32', 'Студент 33', 'Студент 34', 'Студент 35', 'Студент 36', 'Студент 37', 'Студент 38', 'Студент 39', 'Студент 40', 'Студент 41', 'Студент 42', 'Студент 43', 'Студент 44', 'Студент 45', 'Студент 46', 'Студент 47', 'Студент 48']
Кафедры по столбцам: ['Кафедра 1', 'Кафедра 2', 'Кафедра 3', 'Кафедра 4', 'Кафедра 5', 'Кафедра 6', 'Кафедра 7', 'Кафедра 8', 'Кафедра 9', 'Кафедра 10', 'Кафедра 11', 'Кафедра 12']
Результат (таблица назначений):
[[0 0 0 0 0 1 0 0 0 0 0 0]
 [0 0 0 1 0 0 0 0 0 0 0 0]
 [0 0 0 0 0 0 0 0 0 0 0 1]
 [0 0 0 0 0 0 1 0 0 0 0 0]
 [0 0 0 1 0 0 0 0 0 0 0 0]
 [1 0 0 0 0 0 0 0 0 0 0 0]
 [0 0 0 0 0 0 0 0 0 0 1 0]
 [0 0 0 0 0 0 0 0 0 0 0 1]
 [0 0 0 0 0 0 0 0 0 1 0 0]
 [0 0 0 0 0 0 0 0 0 1 0 0]
 [0 0 1 0 0 0 0 0 0 0 0 0]
 [0 0 0 0 0 0 0 0 0 0 0 1]
 [0 0 0 0 0 0 0 0 0 1 0 0]
 [0 1 0 0 0 0 0 0 0 0 0 0]
 [0 0 0 1 0 0 0 0 0 0 0 0]
 [0 0 0 0 0 0 0 0 0 0 1 0]
 [0 0 0 0 0 0 0 0 0 0 1 0]
 [0 0 0 0 0 1 0 0 0 0 0 0]
 [0 0 0 1 0 0 0 0 0 0 0 0]
 [0 0 0 0 0 0 0 0 0 1 0 0]
 [0 0 0 0 0 0 1 0 0 0 0 0]
 [0 0 0 0 0 0 0 1 0 0 0 0]
 [0 0 0 0 0 0 0 0 0 0 0 1]
 [0 0 0 0 1 0 0 0 0 0 0 0]
 [0 0 0 0 0 1 0 0 0 0 0 0]
 [0 1 0 0 0 0 0 0 0 0 0 0]
 [0 0 0 0 0 0 0 1 0 0 0 0]
 [0 0 0 0 0 0 0 0 0 1 0 0]
 [0 0 0 0 0 0 0 0 0 1 0 0]
 [0 0 0 0 0 0 0 0 0 1 0 0]
 [0 0 0 0 0 0 0 0 0 0 1 0]
 [1 0 0 0 0 0 0 0 0 0 0 0]
 [0 0 0 0 0 0 0 0 1 0 0 0]
 [0 1 0 0 0 0 0 0 0 0 0 0]
 [0 0 0 0 0 0 0 0 1 0 0 0]
 [0 0 0 1 0 0 0 0 0 0 0 0]
 [0 0 0 0 1 0 0 0 0 0 0 0]
 [0 0 0 0 1 0 0 0 0 0 0 0]
 [0 0 0 0 0 0 0 0 1 0 0 0]
 [0 1 0 0 0 0 0 0 0 0 0 0]
 [1 0 0 0 0 0 0 0 0 0 0 0]
 [0 0 0 0 0 0 0 0 1 0 0 0]
 [0 0 0 1 0 0 0 0 0 0 0 0]
 [0 0 0 0 1 0 0 0 0 0 0 0]
 [0 0 0 0 0 1 0 0 0 0 0 0]
 [0 0 0 0 0 0 1 0 0 0 0 0]
 [1 0 0 0 0 0 0 0 0 0 0 0]
 [0 0 0 1 0 0 0 0 0 0 0 0]]
Количество баллов в соответствии с предпочтениями: 33.0

Проверка решения на соответствие ограничениям:
1. Каждый студент назначен ровно на одну кафедру
Количество назначений каждого студента: 
[1. 1. 1. 1. 1. 1. 1. 1. 1. 1. 1. 1. 1. 1. 1. 1. 1. 1. 1. 1. 1. 1. 1. 1.
 1. 1. 1. 1. 1. 1. 1. 1. 1. 1. 1. 1. 1. 1. 1. 1. 1. 1. 1. 1. 1. 1. 1. 1.]
Ожидаемое количество назначений студентов (точно): 
[1. 1. 1. 1. 1. 1. 1. 1. 1. 1. 1. 1. 1. 1. 1. 1. 1. 1. 1. 1. 1. 1. 1. 1.
 1. 1. 1. 1. 1. 1. 1. 1. 1. 1. 1. 1. 1. 1. 1. 1. 1. 1. 1. 1. 1. 1. 1. 1.]
2. Каждая кафедра приняла не более заданного числа студентов
Количество назначений на каждую кафедру: 
[4. 4. 1. 7. 4. 4. 3. 2. 4. 7. 4. 4.]
Ожидаемое количество назначений на кафедры (не более): 
[4. 4. 4. 7. 4. 4. 4. 4. 4. 7. 4. 4.]

Назначения:

[ +] Студент 1 --> Кафедра 6 -
[++] Студент 2 --> Кафедра 4 -
[++] Студент 3 --> Кафедра 12 -
[ +] Студент 4 --> Кафедра 7 -
[++] Студент 5 --> Кафедра 4 -
[++] Студент 6 --> Кафедра 1 -
[++] Студент 7 --> Кафедра 11 -
[++] Студент 8 --> Кафедра 12 -
[++] Студент 9 --> Кафедра 10 -
[++] Студент 10 --> Кафедра 10 -
[ +] Студент 11 --> Кафедра 3 -
[ +] Студент 12 --> Кафедра 12 -
[++] Студент 13 --> Кафедра 10 -
[ +] Студент 14 --> Кафедра 2 -
[++] Студент 15 --> Кафедра 4 -
[++] Студент 16 --> Кафедра 11 -
[++] Студент 17 --> Кафедра 11 -
[++] Студент 18 --> Кафедра 6 -
[++] Студент 19 --> Кафедра 4 -
[++] Студент 20 --> Кафедра 10 -
[++] Студент 21 --> Кафедра 7 -
[++] Студент 22 --> Кафедра 8 -
[ +] Студент 23 --> Кафедра 12 -
[++] Студент 24 --> Кафедра 5 -
[ +] Студент 25 --> Кафедра 6 -
[++] Студент 26 --> Кафедра 2 -
[++] Студент 27 --> Кафедра 8 -
[++] Студент 28 --> Кафедра 10 -
[++] Студент 29 --> Кафедра 10 -
[++] Студент 30 --> Кафедра 10 -
[++] Студент 31 --> Кафедра 11 -
[++] Студент 32 --> Кафедра 1 -
[++] Студент 33 --> Кафедра 9 -
[ +] Студент 34 --> Кафедра 2 -
[++] Студент 35 --> Кафедра 9 -
[++] Студент 36 --> Кафедра 4 -
[++] Студент 37 --> Кафедра 5 -
[++] Студент 38 --> Кафедра 5 -
[ +] Студент 39 --> Кафедра 9 -
[++] Студент 40 --> Кафедра 2 -
[++] Студент 41 --> Кафедра 1 -
[ +] Студент 42 --> Кафедра 9 -
[++] Студент 43 --> Кафедра 4 -
[++] Студент 44 --> Кафедра 5 -
[++] Студент 45 --> Кафедра 6 -
[ +] Студент 46 --> Кафедра 7 -
[++] Студент 47 --> Кафедра 1 -
[++] Студент 48 --> Кафедра 4 -
